Duration: 0.00048089334219727126
SourceIP: 0.0004214955897168508
SourceIP_PacketLengthMode_mean: 0.00039271052505325993
SourceIP_DestinationIP_mean: 0.0003801456158747089
DestinationIP: 0.00034267934123320963
PacketLengthMedian: 0.000339937906503344
DestinationPort_PacketLengthMode_mean: 0.00033765337756178255
PacketLengthSkewFromMedian: 0.0003266876386423127
SourcePort_DestinationPort_mean: 0.0002579233175015331
ResponseTimeTimeMean: 0.00023302195203858122
ResponseTimeTimeStandardDeviation: 0.0002190863254950918
PacketLengthMode: 0.00021840096681262263
PacketLengthMean: 0.00021406036182366472
DestinationPort_DestinationIP_mean: 0.0002088059452580874
ResponseTimeTimeCoefficientofVariation: 0.00020035318817433292
PacketTimeVariance: 0.0001681413300984036
DestinationPort_SourceIP_mean: 0.00016220155485037192
PacketLengthStandardDeviation: 0.0001087435776179757
ResponseTimeTimeMode: 9.892010316930507e-05
ResponseTimeTimeSkewFromMode: 8.749745846153105e-05
FlowReceivedRate: 8.681209977906927e-05
DestinationIP_PacketLengthMode_mean: 8.132923031931953e-05
SourcePort_DestinationIP_mean: 7.447564349466473e-05
ResponseTimeTimeVariance: 7.447564349466473e-05
SourcePort_SourceIP_mean: 7.356183191805273e-05
FlowSentRate: 7.356183191804533e-05
ResponseTimeTimeSkewFromMedian: 6.762205666999884e-05
PacketTimeSkewFromMode: 6.533752772844478e-05
SourcePort: 6.282454589274048e-05
PacketLengthVariance: 5.916929958624436e-05
FlowBytesSent: 5.0259636714182024e-05
ResponseTimeTimeMedian: 4.22637854187391e-05
DestinationPort: 2.5358271251222733e-05
SourcePort_PacketLengthMode_mean: 1.599170259085255e-05
PacketTimeMode: 1.5077891014251647e-05
PacketLengthCoefficientofVariation: -4.112152094833584e-06
PacketLengthSkewFromMode: -2.3073742309735284e-05
PacketTimeSkewFromMedian: -2.9927329134404877e-05
PacketTimeStandardDeviation: -4.294914410126379e-05
FlowBytesReceived: -5.6884770644745805e-05
PacketTimeMean: -7.264802034147773e-05
PacketTimeCoefficientofVariation: -0.000194641865820507
PacketTimeMedian: -0.00033765337756184175
