PacketLengthMode: 0.07447914078719296
DestinationIP: 0.023761083553933585
SourceIP: 0.004855945925107349
DestinationPort: 0.002716423792267471
SourcePort: 0.0026557694449442226
PacketLengthMedian: 0.0013824850577273376
Duration: 0.0008489324092398442
PacketLengthMean: 0.0006273327222208302
FlowBytesSent: 0.0004509667857479897
PacketLengthSkewFromMedian: 0.00022748235912290656
PacketLengthStandardDeviation: 0.00020857784974061359
PacketTimeVariance: 0.00019190075989278984
ResponseTimeTimeMean: 0.0001858467478247435
FlowReceivedRate: 0.00018304819507630743
ResponseTimeTimeCoefficientofVariation: 0.00018104922882742347
ResponseTimeTimeStandardDeviation: 0.00017716552297244447
PacketTimeStandardDeviation: 0.00016739914501362103
ResponseTimeTimeVariance: 0.00015369194787843155
FlowSentRate: 0.0001333024921398381
PacketLengthCoefficientofVariation: 0.00010954335043881584
ResponseTimeTimeMedian: 0.00010628789111921666
PacketLengthVariance: 9.178110748447136e-05
ResponseTimeTimeMode: 7.887349684882657e-05
PacketLengthSkewFromMode: 6.333867342893651e-05
PacketTimeMode: 5.8712494395803576e-05
FlowBytesReceived: 4.934590968674139e-05
ResponseTimeTimeSkewFromMedian: 4.3006331011719026e-05
ResponseTimeTimeSkewFromMode: 1.4164103706404418e-05
PacketTimeSkewFromMode: -5.1973122470442645e-06
PacketTimeSkewFromMedian: -3.7980358728721227e-05
PacketTimeMean: -7.373329792302874e-05
PacketTimeCoefficientofVariation: -0.00018002118904219728
PacketTimeMedian: -0.00021811577441375186
